MEME version 5.5.8 (Fri May 2 15:43:49 2025 -0700)

ALPHABET= ACGT

strands: + -

Background letter frequencies (from uniform background):
A 0.25000 C 0.25000 G 0.25000 T 0.25000 

MOTIF OnTheFly_2014_Drosophila.meme_FBgn0003651_svp_812

letter-probability matrix: alength= 4 w= 7 nsites= 14 E= 0
  0.714286	  0.214286	  0.071429	  0.000000	
  0.714286	  0.000000	  0.285714	  0.000000	
  0.000000	  0.000000	  1.000000	  0.000000	
  0.000000	  0.000000	  1.000000	  0.000000	
  0.000000	  0.000000	  0.000000	  1.000000	
  0.000000	  1.000000	  0.000000	  0.000000	
  0.928571	  0.000000	  0.071429	  0.000000	

URL https://bhapp.c2b2.columbia.edu/OnTheFly/cgi-bin/motif_entry.php?protein_ID=OTF0001.1

MOTIF OnTheFly_2014_Drosophila.meme_FBgn0034599_hng1_813

letter-probability matrix: alength= 4 w= 6 nsites= 17 E= 0
  0.000000	  0.000000	  0.000000	  1.000000	
  0.000000	  0.000000	  0.000000	  1.000000	
  1.000000	  0.000000	  0.000000	  0.000000	
  0.000000	  1.000000	  0.000000	  0.000000	
  0.000000	  0.000000	  1.000000	  0.000000	
  0.000000	  0.000000	  0.058824	  0.941176	

URL https://bhapp.c2b2.columbia.edu/OnTheFly/cgi-bin/motif_entry.php?protein_ID=OTF0002.1

MOTIF OnTheFly_2014_Drosophila.meme_FBgn0000567_Eip74EF_814

letter-probability matrix: alength= 4 w= 7 nsites= 17 E= 0
  0.117647	  0.705882	  0.117647	  0.058824	
  0.294118	  0.705882	  0.000000	  0.000000	
  0.000000	  0.000000	  1.000000	  0.000000	
  0.000000	  0.000000	  1.000000	  0.000000	
  1.000000	  0.000000	  0.000000	  0.000000	
  1.000000	  0.000000	  0.000000	  0.000000	
  0.294118	  0.058824	  0.588235	  0.058824	

URL https://bhapp.c2b2.columbia.edu/OnTheFly/cgi-bin/motif_entry.php?protein_ID=OTF0003.1

MOTIF OnTheFly_2014_Drosophila.meme_FBgn0000567_Eip74EF_815

letter-probability matrix: alength= 4 w= 10 nsites= 8 E= 0
  0.750000	  0.000000	  0.125000	  0.125000	
  0.250000	  0.625000	  0.000000	  0.125000	
  0.000000	  0.000000	  0.000000	  1.000000	
  0.000000	  0.000000	  0.000000	  1.000000	
  0.000000	  0.875000	  0.125000	  0.000000	
  0.000000	  0.875000	  0.000000	  0.125000	
  0.000000	  0.000000	  0.250000	  0.750000	
  0.000000	  0.000000	  0.625000	  0.375000	
  0.250000	  0.000000	  0.250000	  0.500000	
  0.250000	  0.000000	  0.125000	  0.625000	

URL https://bhapp.c2b2.columbia.edu/OnTheFly/cgi-bin/motif_entry.php?protein_ID=OTF0003.2

MOTIF OnTheFly_2014_Drosophila.meme_FBgn0004914_Hnf4_816

letter-probability matrix: alength= 4 w= 15 nsites= 19 E= 0
  0.000000	  0.000000	  0.000000	  1.000000	
  0.000000	  0.000000	  1.000000	  0.000000	
  0.947368	  0.000000	  0.052632	  0.000000	
  0.105263	  0.894737	  0.000000	  0.000000	
  0.000000	  1.000000	  0.000000	  0.000000	
  0.000000	  0.947368	  0.000000	  0.052632	
  0.000000	  0.894737	  0.000000	  0.105263	
  0.263158	  0.210526	  0.315789	  0.210526	
  0.105263	  0.473684	  0.315789	  0.105263	
  0.157895	  0.526316	  0.315789	  0.000000	
  0.421053	  0.105263	  0.105263	  0.368421	
  0.631579	  0.210526	  0.157895	  0.000000	
  0.315789	  0.315789	  0.210526	  0.157895	
  0.631579	  0.263158	  0.052632	  0.052632	
  0.473684	  0.210526	  0.000000	  0.315789	

URL https://bhapp.c2b2.columbia.edu/OnTheFly/cgi-bin/motif_entry.php?protein_ID=OTF0004.1

MOTIF OnTheFly_2014_Drosophila.meme_FBgn0000448_Hr3_817

letter-probability matrix: alength= 4 w= 10 nsites= 3 E= 0
  1.000000	  0.000000	  0.000000	  0.000000	
  0.666667	  0.000000	  0.000000	  0.333333	
  0.000000	  0.000000	  0.333333	  0.666667	
  0.000000	  0.000000	  0.000000	  1.000000	
  0.000000	  0.000000	  1.000000	  0.000000	
  0.000000	  0.000000	  1.000000	  0.000000	
  0.000000	  0.000000	  1.000000	  0.000000	
  0.000000	  0.000000	  0.000000	  1.000000	
  0.000000	  0.666667	  0.000000	  0.333333	
  0.666667	  0.000000	  0.000000	  0.333333	

URL https://bhapp.c2b2.columbia.edu/OnTheFly/cgi-bin/motif_entry.php?protein_ID=OTF0005.1

MOTIF OnTheFly_2014_Drosophila.meme_FBgn0000448_Hr3_818

letter-probability matrix: alength= 4 w= 10 nsites= 21 E= 0
  0.000000	  0.190476	  0.000000	  0.809524	
  0.047619	  0.000000	  0.952381	  0.000000	
  0.857143	  0.000000	  0.000000	  0.142857	
  0.000000	  0.952381	  0.047619	  0.000000	
  0.000000	  1.000000	  0.000000	  0.000000	
  0.000000	  0.238095	  0.000000	  0.761905	
  0.571429	  0.142857	  0.190476	  0.095238	
  0.190476	  0.285714	  0.238095	  0.285714	
  0.428571	  0.000000	  0.000000	  0.571429	
  0.190476	  0.047619	  0.238095	  0.523810	

URL https://bhapp.c2b2.columbia.edu/OnTheFly/cgi-bin/motif_entry.php?protein_ID=OTF0005.2

MOTIF OnTheFly_2014_Drosophila.meme_FBgn0003396_shn_819

letter-probability matrix: alength= 4 w= 10 nsites= 9 E= 0
  0.000000	  0.000000	  0.555556	  0.444444	
  0.000000	  0.000000	  1.000000	  0.000000	
  0.000000	  0.000000	  1.000000	  0.000000	
  1.000000	  0.000000	  0.000000	  0.000000	
  1.000000	  0.000000	  0.000000	  0.000000	
  0.111111	  0.000000	  0.000000	  0.888889	
  0.000000	  0.666667	  0.000000	  0.333333	
  0.000000	  1.000000	  0.000000	  0.000000	
  0.000000	  1.000000	  0.000000	  0.000000	
  0.000000	  0.888889	  0.000000	  0.111111	

URL https://bhapp.c2b2.columbia.edu/OnTheFly/cgi-bin/motif_entry.php?protein_ID=OTF0006.1

MOTIF OnTheFly_2014_Drosophila.meme_FBgn0003396_shn_820

letter-probability matrix: alength= 4 w= 14 nsites= 2 E= 0
  0.500000	  0.000000	  0.000000	  0.500000	
  0.000000	  0.000000	  1.000000	  0.000000	
  0.000000	  0.000000	  1.000000	  0.000000	
  0.000000	  0.000000	  1.000000	  0.000000	
  0.000000	  0.000000	  0.500000	  0.500000	
  0.000000	  0.000000	  1.000000	  0.000000	
  0.000000	  0.500000	  0.500000	  0.000000	
  1.000000	  0.000000	  0.000000	  0.000000	
  0.000000	  0.500000	  0.500000	  0.000000	
  0.000000	  1.000000	  0.000000	  0.000000	
  0.000000	  1.000000	  0.000000	  0.000000	
  1.000000	  0.000000	  0.000000	  0.000000	
  0.500000	  0.500000	  0.000000	  0.000000	
  0.000000	  0.000000	  0.000000	  1.000000	

URL https://bhapp.c2b2.columbia.edu/OnTheFly/cgi-bin/motif_entry.php?protein_ID=OTF0006.2

MOTIF OnTheFly_2014_Drosophila.meme_FBgn0033748_vis_821

letter-probability matrix: alength= 4 w= 5 nsites= 22 E= 0
  0.000000	  0.000000	  0.000000	  1.000000	
  0.000000	  0.000000	  1.000000	  0.000000	
  1.000000	  0.000000	  0.000000	  0.000000	
  0.000000	  1.000000	  0.000000	  0.000000	
  1.000000	  0.000000	  0.000000	  0.000000	

URL https://bhapp.c2b2.columbia.edu/OnTheFly/cgi-bin/motif_entry.php?protein_ID=OTF0007.1

MOTIF OnTheFly_2014_Drosophila.meme_FBgn0034012_Hr51_822

letter-probability matrix: alength= 4 w= 13 nsites= 14 E= 0
  0.785714	  0.214286	  0.000000	  0.000000	
  0.642857	  0.214286	  0.071429	  0.071429	
  0.571429	  0.000000	  0.285714	  0.142857	
  0.571429	  0.071429	  0.142857	  0.214286	
  0.785714	  0.000000	  0.142857	  0.071429	
  0.142857	  0.071429	  0.000000	  0.785714	
  0.000000	  0.857143	  0.000000	  0.142857	
  0.928571	  0.000000	  0.071429	  0.000000	
  0.642857	  0.000000	  0.357143	  0.000000	
  1.000000	  0.000000	  0.000000	  0.000000	
  0.357143	  0.071429	  0.571429	  0.000000	
  0.000000	  0.142857	  0.857143	  0.000000	
  0.214286	  0.000000	  0.142857	  0.642857	

URL https://bhapp.c2b2.columbia.edu/OnTheFly/cgi-bin/motif_entry.php?protein_ID=OTF0008.1

MOTIF OnTheFly_2014_Drosophila.meme_FBgn0259211_grh_823

letter-probability matrix: alength= 4 w= 10 nsites= 8 E= 0
  0.250000	  0.750000	  0.000000	  0.000000	
  0.000000	  0.125000	  0.000000	  0.875000	
  0.000000	  0.000000	  0.750000	  0.250000	
  0.125000	  0.000000	  0.750000	  0.125000	
  0.000000	  0.125000	  0.000000	  0.875000	
  0.000000	  0.000000	  0.000000	  1.000000	
  0.000000	  0.375000	  0.125000	  0.500000	
  0.250000	  0.125000	  0.125000	  0.500000	
  0.375000	  0.250000	  0.375000	  0.000000	
  0.125000	  0.375000	  0.000000	  0.500000	

URL https://bhapp.c2b2.columbia.edu/OnTheFly/cgi-bin/motif_entry.php?protein_ID=OTF0009.1

MOTIF OnTheFly_2014_Drosophila.meme_FBgn0034520_lms_824

letter-probability matrix: alength= 4 w= 8 nsites= 21 E= 0
  0.285714	  0.238095	  0.190476	  0.285714	
  0.095238	  0.333333	  0.047619	  0.523810	
  0.000000	  0.000000	  0.000000	  1.000000	
  1.000000	  0.000000	  0.000000	  0.000000	
  1.000000	  0.000000	  0.000000	  0.000000	
  0.000000	  0.000000	  0.000000	  1.000000	
  0.142857	  0.000000	  0.190476	  0.666667	
  0.380952	  0.000000	  0.619048	  0.000000	

URL https://bhapp.c2b2.columbia.edu/OnTheFly/cgi-bin/motif_entry.php?protein_ID=OTF0010.1

MOTIF OnTheFly_2014_Drosophila.meme_FBgn0000157_Dll_825

letter-probability matrix: alength= 4 w= 7 nsites= 23 E= 0
  0.043478	  0.000000	  0.000000	  0.956522	
  0.913043	  0.000000	  0.086957	  0.000000	
  1.000000	  0.000000	  0.000000	  0.000000	
  0.000000	  0.000000	  0.000000	  1.000000	
  0.173913	  0.000000	  0.086957	  0.739130	
  0.478261	  0.000000	  0.347826	  0.173913	
  0.000000	  0.521739	  0.173913	  0.304348	

URL https://bhapp.c2b2.columbia.edu/OnTheFly/cgi-bin/motif_entry.php?protein_ID=OTF0011.1

MOTIF OnTheFly_2014_Drosophila.meme_FBgn0032587_CG5953_826

letter-probability matrix: alength= 4 w= 8 nsites= 16 E= 0
  0.625000	  0.187500	  0.000000	  0.187500	
  0.000000	  1.000000	  0.000000	  0.000000	
  1.000000	  0.000000	  0.000000	  0.000000	
  1.000000	  0.000000	  0.000000	  0.000000	
  1.000000	  0.000000	  0.000000	  0.000000	
  0.000000	  1.000000	  0.000000	  0.000000	
  1.000000	  0.000000	  0.000000	  0.000000	
  0.062500	  0.312500	  0.000000	  0.625000	

URL https://bhapp.c2b2.columbia.edu/OnTheFly/cgi-bin/motif_entry.php?protein_ID=OTF0012.1

MOTIF OnTheFly_2014_Drosophila.meme_FBgn0020378_Sp1_827

letter-probability matrix: alength= 4 w= 11 nsites= 20 E= 0
  0.750000	  0.000000	  0.200000	  0.050000	
  0.200000	  0.000000	  0.800000	  0.000000	
  0.000000	  0.000000	  0.250000	  0.750000	
  0.000000	  0.000000	  1.000000	  0.000000	
  0.000000	  0.000000	  1.000000	  0.000000	
  0.000000	  0.000000	  1.000000	  0.000000	
  0.000000	  1.000000	  0.000000	  0.000000	
  0.000000	  0.000000	  1.000000	  0.000000	
  0.000000	  0.000000	  0.550000	  0.450000	
  0.100000	  0.000000	  0.850000	  0.050000	
  0.500000	  0.000000	  0.450000	  0.050000	

URL https://bhapp.c2b2.columbia.edu/OnTheFly/cgi-bin/motif_entry.php?protein_ID=OTF0013.1

MOTIF OnTheFly_2014_Drosophila.meme_FBgn0000546_EcR_828

letter-probability matrix: alength= 4 w= 8 nsites= 14 E= 0
  0.642857	  0.000000	  0.000000	  0.357143	
  0.000000	  0.000000	  0.000000	  1.000000	
  0.000000	  0.000000	  1.000000	  0.000000	
  1.000000	  0.000000	  0.000000	  0.000000	
  0.000000	  0.928571	  0.071429	  0.000000	
  0.000000	  1.000000	  0.000000	  0.000000	
  0.000000	  0.142857	  0.000000	  0.857143	
  0.000000	  0.500000	  0.000000	  0.500000	

URL https://bhapp.c2b2.columbia.edu/OnTheFly/cgi-bin/motif_entry.php?protein_ID=OTF0014.1

MOTIF OnTheFly_2014_Drosophila.meme_FBgn0013263_Trl_829

letter-probability matrix: alength= 4 w= 10 nsites= 71 E= 0
  0.056338	  0.309859	  0.126761	  0.507042	
  0.084507	  0.323944	  0.154930	  0.436620	
  0.169014	  0.084507	  0.422535	  0.323944	
  0.000000	  0.901408	  0.042254	  0.056338	
  0.042254	  0.000000	  0.197183	  0.760563	
  0.014085	  0.985915	  0.000000	  0.000000	
  0.183099	  0.000000	  0.028169	  0.788732	
  0.070423	  0.760563	  0.098592	  0.070423	
  0.098592	  0.183099	  0.154930	  0.563380	
  0.126761	  0.464789	  0.140845	  0.267606	

URL https://bhapp.c2b2.columbia.edu/OnTheFly/cgi-bin/motif_entry.php?protein_ID=OTF0015.1

MOTIF OnTheFly_2014_Drosophila.meme_FBgn0013263_Trl_830

letter-probability matrix: alength= 4 w= 10 nsites= 20 E= 0
  0.200000	  0.800000	  0.000000	  0.000000	
  0.300000	  0.700000	  0.000000	  0.000000	
  0.600000	  0.300000	  0.100000	  0.000000	
  0.000000	  1.000000	  0.000000	  0.000000	
  0.150000	  0.000000	  0.700000	  0.150000	
  0.050000	  0.950000	  0.000000	  0.000000	
  0.650000	  0.000000	  0.100000	  0.250000	
  0.250000	  0.750000	  0.000000	  0.000000	
  0.350000	  0.650000	  0.000000	  0.000000	
  0.450000	  0.550000	  0.000000	  0.000000	

URL https://bhapp.c2b2.columbia.edu/OnTheFly/cgi-bin/motif_entry.php?protein_ID=OTF0016.1

MOTIF OnTheFly_2014_Drosophila.meme_FBgn0000015_Abd-B_831

letter-probability matrix: alength= 4 w= 9 nsites= 21 E= 0
  0.047619	  0.238095	  0.571429	  0.142857	
  0.285714	  0.047619	  0.095238	  0.571429	
  0.047619	  0.000000	  0.000000	  0.952381	
  0.000000	  0.000000	  0.000000	  1.000000	
  0.238095	  0.000000	  0.000000	  0.761905	
  1.000000	  0.000000	  0.000000	  0.000000	
  0.000000	  0.142857	  0.000000	  0.857143	
  0.142857	  0.000000	  0.523810	  0.333333	
  0.619048	  0.000000	  0.238095	  0.142857	

URL https://bhapp.c2b2.columbia.edu/OnTheFly/cgi-bin/motif_entry.php?protein_ID=OTF0017.1

MOTIF OnTheFly_2014_Drosophila.meme_FBgn0000015_Abd-B_832

letter-probability matrix: alength= 4 w= 8 nsites= 7 E= 0
  0.142857	  0.285714	  0.000000	  0.571429	
  0.142857	  0.714286	  0.142857	  0.000000	
  0.857143	  0.000000	  0.142857	  0.000000	
  0.000000	  0.000000	  0.000000	  1.000000	
  1.000000	  0.000000	  0.000000	  0.000000	
  1.000000	  0.000000	  0.000000	  0.000000	
  0.857143	  0.000000	  0.000000	  0.142857	
  0.714286	  0.000000	  0.142857	  0.142857	

URL https://bhapp.c2b2.columbia.edu/OnTheFly/cgi-bin/motif_entry.php?protein_ID=OTF0017.2

MOTIF OnTheFly_2014_Drosophila.meme_FBgn0004652_fru_833

letter-probability matrix: alength= 4 w= 22 nsites= 20 E= 0
  0.100000	  0.800000	  0.100000	  0.000000	
  0.450000	  0.500000	  0.000000	  0.050000	
  0.250000	  0.500000	  0.050000	  0.200000	
  0.550000	  0.400000	  0.050000	  0.000000	
  0.500000	  0.250000	  0.150000	  0.100000	
  0.150000	  0.650000	  0.200000	  0.000000	
  0.300000	  0.450000	  0.150000	  0.100000	
  0.100000	  0.700000	  0.200000	  0.000000	
  0.150000	  0.750000	  0.100000	  0.000000	
  0.600000	  0.100000	  0.300000	  0.000000	
  0.300000	  0.700000	  0.000000	  0.000000	
  1.000000	  0.000000	  0.000000	  0.000000	
  0.000000	  0.000000	  1.000000	  0.000000	
  0.000000	  0.000000	  0.000000	  1.000000	
  1.000000	  0.000000	  0.000000	  0.000000	
  1.000000	  0.000000	  0.000000	  0.000000	
  0.000000	  0.900000	  0.000000	  0.100000	
  0.800000	  0.150000	  0.050000	  0.000000	
  0.350000	  0.450000	  0.150000	  0.050000	
  0.300000	  0.450000	  0.150000	  0.100000	
  0.450000	  0.250000	  0.200000	  0.100000	
  0.400000	  0.200000	  0.400000	  0.000000	

URL https://bhapp.c2b2.columbia.edu/OnTheFly/cgi-bin/motif_entry.php?protein_ID=OTF0018.1

MOTIF OnTheFly_2014_Drosophila.meme_FBgn0036274_CG4328_834

letter-probability matrix: alength= 4 w= 8 nsites= 30 E= 0
  0.400000	  0.200000	  0.133333	  0.266667	
  0.400000	  0.066667	  0.100000	  0.433333	
  0.233333	  0.033333	  0.000000	  0.733333	
  0.433333	  0.000000	  0.000000	  0.566667	
  1.000000	  0.000000	  0.000000	  0.000000	
  0.000000	  0.000000	  0.000000	  1.000000	
  0.000000	  0.000000	  0.200000	  0.800000	
  0.500000	  0.000000	  0.500000	  0.000000	

URL https://bhapp.c2b2.columbia.edu/OnTheFly/cgi-bin/motif_entry.php?protein_ID=OTF0019.1

MOTIF OnTheFly_2014_Drosophila.meme_FBgn0290398_dysf_1359

letter-probability matrix: alength= 4 w= 11 nsites= 23 E= 0
  0.652174	  0.043478	  0.173913	  0.130435	
  0.260870	  0.043478	  0.695652	  0.000000	
  0.000000	  0.043478	  0.043478	  0.913043	
  0.000000	  1.000000	  0.000000	  0.000000	
  1.000000	  0.000000	  0.000000	  0.000000	
  0.000000	  1.000000	  0.000000	  0.000000	
  0.000000	  0.000000	  1.000000	  0.000000	
  1.000000	  0.000000	  0.000000	  0.000000	
  0.260870	  0.347826	  0.000000	  0.391304	
  0.173913	  0.217391	  0.000000	  0.608696	
  0.086957	  0.304348	  0.086957	  0.521739	

URL https://bhapp.c2b2.columbia.edu/OnTheFly/cgi-bin/motif_entry.php?protein_ID=OTF0020.1

MOTIF OnTheFly_2014_Drosophila.meme_FBgn0000448_Hr3_835

letter-probability matrix: alength= 4 w= 10 nsites= 3 E= 0
  1.000000	  0.000000	  0.000000	  0.000000	
  0.666667	  0.000000	  0.000000	  0.333333	
  0.000000	  0.000000	  0.333333	  0.666667	
  0.000000	  0.000000	  0.000000	  1.000000	
  0.000000	  0.000000	  1.000000	  0.000000	
  0.000000	  0.000000	  1.000000	  0.000000	
  0.000000	  0.000000	  1.000000	  0.000000	
  0.000000	  0.000000	  0.000000	  1.000000	
  0.000000	  0.666667	  0.000000	  0.333333	
  0.666667	  0.000000	  0.000000	  0.333333	

URL https://bhapp.c2b2.columbia.edu/OnTheFly/cgi-bin/motif_entry.php?protein_ID=OTF0021.1

MOTIF OnTheFly_2014_Drosophila.meme_FBgn0005660_Ets21C_836

letter-probability matrix: alength= 4 w= 8 nsites= 19 E= 0
  0.631579	  0.052632	  0.315789	  0.000000	
  0.000000	  0.473684	  0.000000	  0.526316	
  0.157895	  0.000000	  0.000000	  0.842105	
  0.000000	  0.000000	  0.000000	  1.000000	
  0.000000	  1.000000	  0.000000	  0.000000	
  0.000000	  1.000000	  0.000000	  0.000000	
  0.000000	  0.000000	  1.000000	  0.000000	
  0.000000	  0.000000	  0.894737	  0.105263	

URL https://bhapp.c2b2.columbia.edu/OnTheFly/cgi-bin/motif_entry.php?protein_ID=OTF0022.1

MOTIF OnTheFly_2014_Drosophila.meme_FBgn0085424_nub_837

letter-probability matrix: alength= 4 w= 10 nsites= 4 E= 0
  0.250000	  0.000000	  0.000000	  0.750000	
  0.000000	  0.000000	  0.000000	  1.000000	
  0.750000	  0.000000	  0.000000	  0.250000	
  0.000000	  0.000000	  0.000000	  1.000000	
  0.250000	  0.250000	  0.500000	  0.000000	
  0.000000	  0.750000	  0.000000	  0.250000	
  1.000000	  0.000000	  0.000000	  0.000000	
  0.500000	  0.000000	  0.250000	  0.250000	
  0.000000	  0.000000	  1.000000	  0.000000	
  0.000000	  0.500000	  0.250000	  0.250000	

URL https://bhapp.c2b2.columbia.edu/OnTheFly/cgi-bin/motif_entry.php?protein_ID=OTF0023.1

MOTIF OnTheFly_2014_Drosophila.meme_FBgn0085424_nub_838

letter-probability matrix: alength= 4 w= 11 nsites= 29 E= 0
  0.068966	  0.034483	  0.034483	  0.862069	
  1.000000	  0.000000	  0.000000	  0.000000	
  0.000000	  0.000000	  0.000000	  1.000000	
  0.000000	  0.000000	  0.862069	  0.137931	
  0.000000	  0.655172	  0.034483	  0.310345	
  0.827586	  0.000000	  0.000000	  0.172414	
  0.965517	  0.000000	  0.034483	  0.000000	
  0.965517	  0.000000	  0.000000	  0.034483	
  0.137931	  0.034483	  0.000000	  0.827586	
  0.206897	  0.172414	  0.275862	  0.344828	
  0.655172	  0.172414	  0.034483	  0.137931	

URL https://bhapp.c2b2.columbia.edu/OnTheFly/cgi-bin/motif_entry.php?protein_ID=OTF0023.2

MOTIF OnTheFly_2014_Drosophila.meme_FBgn0030505_NFAT_839

letter-probability matrix: alength= 4 w= 15 nsites= 17 E= 0
  0.411765	  0.411765	  0.176471	  0.000000	
  0.647059	  0.176471	  0.000000	  0.176471	
  0.117647	  0.470588	  0.235294	  0.176471	
  0.117647	  0.000000	  0.882353	  0.000000	
  0.235294	  0.000000	  0.647059	  0.117647	
  1.000000	  0.000000	  0.000000	  0.000000	
  1.000000	  0.000000	  0.000000	  0.000000	
  0.705882	  0.000000	  0.176471	  0.117647	
  0.529412	  0.235294	  0.235294	  0.000000	
  0.470588	  0.000000	  0.000000	  0.529412	
  0.176471	  0.235294	  0.058824	  0.529412	
  0.176471	  0.647059	  0.000000	  0.176471	
  0.000000	  0.882353	  0.117647	  0.000000	
  0.176471	  0.705882	  0.000000	  0.117647	
  0.647059	  0.117647	  0.235294	  0.000000	

URL https://bhapp.c2b2.columbia.edu/OnTheFly/cgi-bin/motif_entry.php?protein_ID=OTF0024.1

MOTIF OnTheFly_2014_Drosophila.meme_FBgn0003345_sd_840

letter-probability matrix: alength= 4 w= 11 nsites= 14 E= 0
  0.214286	  0.000000	  0.571429	  0.214286	
  0.571429	  0.071429	  0.071429	  0.285714	
  0.285714	  0.571429	  0.071429	  0.071429	
  1.000000	  0.000000	  0.000000	  0.000000	
  0.071429	  0.071429	  0.000000	  0.857143	
  0.214286	  0.000000	  0.071429	  0.714286	
  0.000000	  0.571429	  0.000000	  0.428571	
  0.214286	  0.357143	  0.214286	  0.214286	
  0.285714	  0.071429	  0.142857	  0.500000	
  0.357143	  0.428571	  0.214286	  0.000000	
  0.357143	  0.071429	  0.500000	  0.071429	

URL https://bhapp.c2b2.columbia.edu/OnTheFly/cgi-bin/motif_entry.php?protein_ID=OTF0025.1

MOTIF OnTheFly_2014_Drosophila.meme_FBgn0262656_Myc_1360

letter-probability matrix: alength= 4 w= 10 nsites= 24 E= 0
  0.375000	  0.041667	  0.500000	  0.083333	
  0.375000	  0.333333	  0.166667	  0.125000	
  0.000000	  1.000000	  0.000000	  0.000000	
  1.000000	  0.000000	  0.000000	  0.000000	
  0.000000	  1.000000	  0.000000	  0.000000	
  0.041667	  0.000000	  0.958333	  0.000000	
  0.000000	  0.000000	  0.000000	  1.000000	
  0.000000	  0.000000	  1.000000	  0.000000	
  0.041667	  0.125000	  0.833333	  0.000000	
  0.208333	  0.041667	  0.208333	  0.541667	

URL https://bhapp.c2b2.columbia.edu/OnTheFly/cgi-bin/motif_entry.php?protein_ID=OTF0026.1

MOTIF OnTheFly_2014_Drosophila.meme_FBgn0005612_Sox14_841

letter-probability matrix: alength= 4 w= 11 nsites= 20 E= 0
  0.250000	  0.450000	  0.300000	  0.000000	
  0.050000	  0.350000	  0.100000	  0.500000	
  0.000000	  0.700000	  0.100000	  0.200000	
  0.000000	  0.800000	  0.000000	  0.200000	
  0.200000	  0.000000	  0.000000	  0.800000	
  0.000000	  0.000000	  0.000000	  1.000000	
  0.000000	  0.000000	  0.000000	  1.000000	
  0.000000	  0.000000	  1.000000	  0.000000	
  0.000000	  0.000000	  0.000000	  1.000000	
  0.000000	  0.550000	  0.100000	  0.350000	
  0.050000	  0.750000	  0.000000	  0.200000	

URL https://bhapp.c2b2.columbia.edu/OnTheFly/cgi-bin/motif_entry.php?protein_ID=OTF0027.1

MOTIF OnTheFly_2014_Drosophila.meme_FBgn0003507_srp_842

letter-probability matrix: alength= 4 w= 6 nsites= 17 E= 0
  0.000000	  0.000000	  0.000000	  1.000000	
  0.000000	  0.000000	  0.000000	  1.000000	
  1.000000	  0.000000	  0.000000	  0.000000	
  0.000000	  0.000000	  0.000000	  1.000000	
  0.000000	  1.000000	  0.000000	  0.000000	
  0.529412	  0.000000	  0.058824	  0.411765	

URL https://bhapp.c2b2.columbia.edu/OnTheFly/cgi-bin/motif_entry.php?protein_ID=OTF0028.1

MOTIF OnTheFly_2014_Drosophila.meme_FBgn0003507_srp_843

letter-probability matrix: alength= 4 w= 11 nsites= 4 E= 0
  0.000000	  0.500000	  0.250000	  0.250000	
  0.000000	  0.000000	  0.000000	  1.000000	
  0.750000	  0.250000	  0.000000	  0.000000	
  0.250000	  0.000000	  0.000000	  0.750000	
  0.000000	  0.750000	  0.250000	  0.000000	
  0.000000	  0.000000	  1.000000	  0.000000	
  0.250000	  0.250000	  0.500000	  0.000000	
  0.000000	  0.250000	  0.000000	  0.750000	
  0.500000	  0.000000	  0.000000	  0.500000	
  0.000000	  0.000000	  1.000000	  0.000000	
  0.750000	  0.250000	  0.000000	  0.000000	

URL https://bhapp.c2b2.columbia.edu/OnTheFly/cgi-bin/motif_entry.php?protein_ID=OTF0028.2

MOTIF OnTheFly_2014_Drosophila.meme_FBgn0033846_mip120_844

letter-probability matrix: alength= 4 w= 8 nsites= 14 E= 0
  0.000000	  0.142857	  0.642857	  0.214286	
  0.714286	  0.214286	  0.071429	  0.000000	
  0.000000	  1.000000	  0.000000	  0.000000	
  1.000000	  0.000000	  0.000000	  0.000000	
  0.000000	  1.000000	  0.000000	  0.000000	
  0.000000	  0.000000	  1.000000	  0.000000	
  0.000000	  0.000000	  0.000000	  1.000000	
  0.000000	  0.000000	  1.000000	  0.000000	

URL https://bhapp.c2b2.columbia.edu/OnTheFly/cgi-bin/motif_entry.php?protein_ID=OTF0029.1

MOTIF OnTheFly_2014_Drosophila.meme_FBgn0002723_Met_845

letter-probability matrix: alength= 4 w= 12 nsites= 11 E= 0
  0.000000	  0.363636	  0.000000	  0.636364	
  0.454545	  0.363636	  0.181818	  0.000000	
  0.545455	  0.272727	  0.181818	  0.000000	
  0.000000	  0.000000	  1.000000	  0.000000	
  0.000000	  1.000000	  0.000000	  0.000000	
  0.000000	  1.000000	  0.000000	  0.000000	
  0.000000	  0.090909	  0.000000	  0.909091	
  1.000000	  0.000000	  0.000000	  0.000000	
  0.000000	  0.454545	  0.000000	  0.545455	
  0.363636	  0.181818	  0.090909	  0.363636	
  0.090909	  0.181818	  0.454545	  0.272727	
  0.636364	  0.363636	  0.000000	  0.000000	

URL https://bhapp.c2b2.columbia.edu/OnTheFly/cgi-bin/motif_entry.php?protein_ID=OTF0030.1

MOTIF OnTheFly_2014_Drosophila.meme_FBgn0267033_mamo_1361

letter-probability matrix: alength= 4 w= 7 nsites= 16 E= 0
  0.187500	  0.125000	  0.687500	  0.000000	
  0.000000	  0.750000	  0.250000	  0.000000	
  0.000000	  1.000000	  0.000000	  0.000000	
  1.000000	  0.000000	  0.000000	  0.000000	
  0.000000	  1.000000	  0.000000	  0.000000	
  0.000000	  0.000000	  1.000000	  0.000000	
  0.062500	  0.000000	  0.000000	  0.937500	

URL https://bhapp.c2b2.columbia.edu/OnTheFly/cgi-bin/motif_entry.php?protein_ID=OTF0031.1

MOTIF OnTheFly_2014_Drosophila.meme_FBgn0003028_ovo_846

letter-probability matrix: alength= 4 w= 11 nsites= 20 E= 0
  0.650000	  0.000000	  0.350000	  0.000000	
  0.250000	  0.400000	  0.250000	  0.100000	
  1.000000	  0.000000	  0.000000	  0.000000	
  0.000000	  0.000000	  0.000000	  1.000000	
  1.000000	  0.000000	  0.000000	  0.000000	
  1.000000	  0.000000	  0.000000	  0.000000	
  0.000000	  1.000000	  0.000000	  0.000000	
  0.000000	  0.000000	  1.000000	  0.000000	
  0.000000	  0.000000	  1.000000	  0.000000	
  0.000000	  0.000000	  0.500000	  0.500000	
  1.000000	  0.000000	  0.000000	  0.000000	

URL https://bhapp.c2b2.columbia.edu/OnTheFly/cgi-bin/motif_entry.php?protein_ID=OTF0032.1

MOTIF OnTheFly_2014_Drosophila.meme_FBgn0003028_ovo_847

letter-probability matrix: alength= 4 w= 8 nsites= 12 E= 0
  0.000000	  1.000000	  0.000000	  0.000000	
  0.250000	  0.500000	  0.000000	  0.250000	
  0.000000	  0.000000	  1.000000	  0.000000	
  0.000000	  0.083333	  0.000000	  0.916667	
  0.000000	  0.000000	  0.000000	  1.000000	
  0.916667	  0.000000	  0.083333	  0.000000	
  0.166667	  0.583333	  0.083333	  0.166667	
  0.416667	  0.166667	  0.000000	  0.416667	

URL https://bhapp.c2b2.columbia.edu/OnTheFly/cgi-bin/motif_entry.php?protein_ID=OTF0032.2

MOTIF OnTheFly_2014_Drosophila.meme_FBgn0003028_ovo_848

letter-probability matrix: alength= 4 w= 11 nsites= 20 E= 0
  0.650000	  0.000000	  0.350000	  0.000000	
  0.250000	  0.400000	  0.250000	  0.100000	
  1.000000	  0.000000	  0.000000	  0.000000	
  0.000000	  0.000000	  0.000000	  1.000000	
  1.000000	  0.000000	  0.000000	  0.000000	
  1.000000	  0.000000	  0.000000	  0.000000	
  0.000000	  1.000000	  0.000000	  0.000000	
  0.000000	  0.000000	  1.000000	  0.000000	
  0.000000	  0.000000	  1.000000	  0.000000	
  0.000000	  0.000000	  0.500000	  0.500000	
  1.000000	  0.000000	  0.000000	  0.000000	

URL https://bhapp.c2b2.columbia.edu/OnTheFly/cgi-bin/motif_entry.php?protein_ID=OTF0033.1

MOTIF OnTheFly_2014_Drosophila.meme_FBgn0003028_ovo_849

letter-probability matrix: alength= 4 w= 8 nsites= 12 E= 0
  0.000000	  1.000000	  0.000000	  0.000000	
  0.250000	  0.500000	  0.000000	  0.250000	
  0.000000	  0.000000	  1.000000	  0.000000	
  0.000000	  0.083333	  0.000000	  0.916667	
  0.000000	  0.000000	  0.000000	  1.000000	
  0.916667	  0.000000	  0.083333	  0.000000	
  0.166667	  0.583333	  0.083333	  0.166667	
  0.416667	  0.166667	  0.000000	  0.416667	

URL https://bhapp.c2b2.columbia.edu/OnTheFly/cgi-bin/motif_entry.php?protein_ID=OTF0033.2

MOTIF OnTheFly_2014_Drosophila.meme_FBgn0003028_ovo_850

letter-probability matrix: alength= 4 w= 11 nsites= 20 E= 0
  0.650000	  0.000000	  0.350000	  0.000000	
  0.250000	  0.400000	  0.250000	  0.100000	
  1.000000	  0.000000	  0.000000	  0.000000	
  0.000000	  0.000000	  0.000000	  1.000000	
  1.000000	  0.000000	  0.000000	  0.000000	
  1.000000	  0.000000	  0.000000	  0.000000	
  0.000000	  1.000000	  0.000000	  0.000000	
  0.000000	  0.000000	  1.000000	  0.000000	
  0.000000	  0.000000	  1.000000	  0.000000	
  0.000000	  0.000000	  0.500000	  0.500000	
  1.000000	  0.000000	  0.000000	  0.000000	

URL https://bhapp.c2b2.columbia.edu/OnTheFly/cgi-bin/motif_entry.php?protein_ID=OTF0034.1

MOTIF OnTheFly_2014_Drosophila.meme_FBgn0003028_ovo_851

letter-probability matrix: alength= 4 w= 8 nsites= 12 E= 0
  0.000000	  1.000000	  0.000000	  0.000000	
  0.250000	  0.500000	  0.000000	  0.250000	
  0.000000	  0.000000	  1.000000	  0.000000	
  0.000000	  0.083333	  0.000000	  0.916667	
  0.000000	  0.000000	  0.000000	  1.000000	
  0.916667	  0.000000	  0.083333	  0.000000	
  0.166667	  0.583333	  0.083333	  0.166667	
  0.416667	  0.166667	  0.000000	  0.416667	

URL https://bhapp.c2b2.columbia.edu/OnTheFly/cgi-bin/motif_entry.php?protein_ID=OTF0034.2

MOTIF OnTheFly_2014_Drosophila.meme_FBgn0000014_abd-A_852

letter-probability matrix: alength= 4 w= 7 nsites= 18 E= 0
  0.055556	  0.166667	  0.000000	  0.777778	
  0.000000	  0.000000	  0.000000	  1.000000	
  0.888889	  0.000000	  0.000000	  0.111111	
  1.000000	  0.000000	  0.000000	  0.000000	
  0.055556	  0.000000	  0.000000	  0.944444	
  0.000000	  0.000000	  0.333333	  0.666667	
  0.833333	  0.055556	  0.111111	  0.000000	

URL https://bhapp.c2b2.columbia.edu/OnTheFly/cgi-bin/motif_entry.php?protein_ID=OTF0035.1

MOTIF OnTheFly_2014_Drosophila.meme_FBgn0000014_abd-A_853

letter-probability matrix: alength= 4 w= 8 nsites= 20 E= 0
  0.250000	  0.100000	  0.650000	  0.000000	
  0.500000	  0.500000	  0.000000	  0.000000	
  1.000000	  0.000000	  0.000000	  0.000000	
  1.000000	  0.000000	  0.000000	  0.000000	
  0.000000	  0.000000	  0.000000	  1.000000	
  0.550000	  0.100000	  0.000000	  0.350000	
  1.000000	  0.000000	  0.000000	  0.000000	
  0.900000	  0.100000	  0.000000	  0.000000	

URL https://bhapp.c2b2.columbia.edu/OnTheFly/cgi-bin/motif_entry.php?protein_ID=OTF0035.2

MOTIF OnTheFly_2014_Drosophila.meme_FBgn0000015_Abd-B_854

letter-probability matrix: alength= 4 w= 9 nsites= 21 E= 0
  0.047619	  0.238095	  0.571429	  0.142857	
  0.285714	  0.047619	  0.095238	  0.571429	
  0.047619	  0.000000	  0.000000	  0.952381	
  0.000000	  0.000000	  0.000000	  1.000000	
  0.238095	  0.000000	  0.000000	  0.761905	
  1.000000	  0.000000	  0.000000	  0.000000	
  0.000000	  0.142857	  0.000000	  0.857143	
  0.142857	  0.000000	  0.523810	  0.333333	
  0.619048	  0.000000	  0.238095	  0.142857	

URL https://bhapp.c2b2.columbia.edu/OnTheFly/cgi-bin/motif_entry.php?protein_ID=OTF0036.1

MOTIF OnTheFly_2014_Drosophila.meme_FBgn0000015_Abd-B_855

letter-probability matrix: alength= 4 w= 8 nsites= 7 E= 0
  0.142857	  0.285714	  0.000000	  0.571429	
  0.142857	  0.714286	  0.142857	  0.000000	
  0.857143	  0.000000	  0.142857	  0.000000	
  0.000000	  0.000000	  0.000000	  1.000000	
  1.000000	  0.000000	  0.000000	  0.000000	
  1.000000	  0.000000	  0.000000	  0.000000	
  0.857143	  0.000000	  0.000000	  0.142857	
  0.714286	  0.000000	  0.142857	  0.142857	

URL https://bhapp.c2b2.columbia.edu/OnTheFly/cgi-bin/motif_entry.php?protein_ID=OTF0036.2

MOTIF OnTheFly_2014_Drosophila.meme_FBgn0264442_ab_1362

letter-probability matrix: alength= 4 w= 23 nsites= 461 E= 0
  0.288503	  0.407809	  0.199566	  0.104121	
  0.242950	  0.364425	  0.190889	  0.201735	
  0.195228	  0.375271	  0.229935	  0.199566	
  0.321041	  0.260304	  0.114967	  0.303688	
  0.221258	  0.422993	  0.262473	  0.093275	
  0.412148	  0.041215	  0.449024	  0.097614	
  0.002169	  0.982646	  0.000000	  0.015184	
  0.000000	  0.986985	  0.000000	  0.013015	
  0.973970	  0.002169	  0.000000	  0.023861	
  0.000000	  0.000000	  0.989154	  0.010846	
  0.000000	  0.000000	  0.997831	  0.002169	
  0.648590	  0.062907	  0.017354	  0.271150	
  0.281996	  0.707158	  0.004338	  0.006508	
  0.054230	  0.811280	  0.034707	  0.099783	
  0.117137	  0.427332	  0.086768	  0.368764	
  0.373102	  0.277657	  0.151844	  0.197397	
  0.305857	  0.249458	  0.078091	  0.366594	
  0.225597	  0.281996	  0.151844	  0.340564	
  0.312364	  0.308026	  0.130152	  0.249458	
  0.340564	  0.258134	  0.221258	  0.180043	
  0.362256	  0.234273	  0.247289	  0.156182	
  0.466377	  0.277657	  0.162690	  0.093275	
  0.425163	  0.268980	  0.180043	  0.125813	

URL https://bhapp.c2b2.columbia.edu/OnTheFly/cgi-bin/motif_entry.php?protein_ID=OTF0037.1

MOTIF OnTheFly_2014_Drosophila.meme_FBgn0284249_Adf1_1363

letter-probability matrix: alength= 4 w= 15 nsites= 11 E= 0
  0.090909	  0.454545	  0.000000	  0.454545	
  0.636364	  0.272727	  0.090909	  0.000000	
  0.181818	  0.545455	  0.181818	  0.090909	
  0.363636	  0.636364	  0.000000	  0.000000	
  0.272727	  0.000000	  0.727273	  0.000000	
  0.000000	  0.000000	  0.909091	  0.090909	
  0.000000	  1.000000	  0.000000	  0.000000	
  1.000000	  0.000000	  0.000000	  0.000000	
  0.000000	  0.090909	  0.909091	  0.000000	
  0.727273	  0.090909	  0.181818	  0.000000	
  0.000000	  0.000000	  1.000000	  0.000000	
  0.636364	  0.272727	  0.090909	  0.000000	
  0.363636	  0.363636	  0.000000	  0.272727	
  0.454545	  0.181818	  0.272727	  0.090909	
  0.636364	  0.363636	  0.000000	  0.000000	

URL https://bhapp.c2b2.columbia.edu/OnTheFly/cgi-bin/motif_entry.php?protein_ID=OTF0038.1

MOTIF OnTheFly_2014_Drosophila.meme_FBgn0284249_Adf1_1364

letter-probability matrix: alength= 4 w= 8 nsites= 7 E= 0
  0.142857	  0.857143	  0.000000	  0.000000	
  0.000000	  0.000000	  1.000000	  0.000000	
  0.714286	  0.000000	  0.285714	  0.000000	
  0.000000	  0.857143	  0.000000	  0.142857	
  0.000000	  0.571429	  0.000000	  0.428571	
  0.000000	  0.000000	  1.000000	  0.000000	
  0.000000	  1.000000	  0.000000	  0.000000	
  0.285714	  0.000000	  0.714286	  0.000000	

URL https://bhapp.c2b2.columbia.edu/OnTheFly/cgi-bin/motif_entry.php?protein_ID=OTF0038.2

MOTIF OnTheFly_2014_Drosophila.meme_FBgn0005694_Aef1_856

letter-probability matrix: alength= 4 w= 11 nsites= 12 E= 0
  0.500000	  0.166667	  0.333333	  0.000000	
  0.000000	  1.000000	  0.000000	  0.000000	
  1.000000	  0.000000	  0.000000	  0.000000	
  1.000000	  0.000000	  0.000000	  0.000000	
  0.000000	  1.000000	  0.000000	  0.000000	
  1.000000	  0.000000	  0.000000	  0.000000	
  1.000000	  0.000000	  0.000000	  0.000000	
  0.000000	  1.000000	  0.000000	  0.000000	
  1.000000	  0.000000	  0.000000	  0.000000	
  0.750000	  0.250000	  0.000000	  0.000000	
  0.166667	  0.750000	  0.000000	  0.083333	

URL https://bhapp.c2b2.columbia.edu/OnTheFly/cgi-bin/motif_entry.php?protein_ID=OTF0039.1

MOTIF OnTheFly_2014_Drosophila.meme_FBgn0005694_Aef1_857

letter-probability matrix: alength= 4 w= 8 nsites= 3 E= 0
  0.000000	  1.000000	  0.000000	  0.000000	
  1.000000	  0.000000	  0.000000	  0.000000	
  1.000000	  0.000000	  0.000000	  0.000000	
  0.000000	  1.000000	  0.000000	  0.000000	
  0.666667	  0.000000	  0.000000	  0.333333	
  1.000000	  0.000000	  0.000000	  0.000000	
  0.000000	  1.000000	  0.000000	  0.000000	
  0.666667	  0.000000	  0.000000	  0.333333	

URL https://bhapp.c2b2.columbia.edu/OnTheFly/cgi-bin/motif_entry.php?protein_ID=OTF0039.2

MOTIF OnTheFly_2014_Drosophila.meme_FBgn0000061_al_858

letter-probability matrix: alength= 4 w= 7 nsites= 20 E= 0
  0.000000	  0.000000	  0.000000	  1.000000	
  1.000000	  0.000000	  0.000000	  0.000000	
  1.000000	  0.000000	  0.000000	  0.000000	
  0.000000	  0.000000	  0.000000	  1.000000	
  0.000000	  0.000000	  0.000000	  1.000000	
  0.850000	  0.000000	  0.150000	  0.000000	
  0.900000	  0.000000	  0.100000	  0.000000	

URL https://bhapp.c2b2.columbia.edu/OnTheFly/cgi-bin/motif_entry.php?protein_ID=OTF0040.1

MOTIF OnTheFly_2014_Drosophila.meme_FBgn0003270_amos_859

letter-probability matrix: alength= 4 w= 11 nsites= 23 E= 0
  0.565217	  0.043478	  0.347826	  0.043478	
  0.304348	  0.565217	  0.000000	  0.130435	
  0.000000	  1.000000	  0.000000	  0.000000	
  1.000000	  0.000000	  0.000000	  0.000000	
  0.000000	  0.304348	  0.043478	  0.652174	
  0.304348	  0.695652	  0.000000	  0.000000	
  0.000000	  0.000000	  0.000000	  1.000000	
  0.000000	  0.000000	  1.000000	  0.000000	
  0.086957	  0.391304	  0.260870	  0.260870	
  0.086957	  0.565217	  0.130435	  0.217391	
  0.260870	  0.304348	  0.434783	  0.000000	

URL https://bhapp.c2b2.columbia.edu/OnTheFly/cgi-bin/motif_entry.php?protein_ID=OTF0041.1

MOTIF OnTheFly_2014_Drosophila.meme_FBgn0260642_Antp_860

letter-probability matrix: alength= 4 w= 8 nsites= 16 E= 0
  0.062500	  0.312500	  0.125000	  0.500000	
  0.062500	  0.062500	  0.000000	  0.875000	
  0.000000	  0.000000	  0.000000	  1.000000	
  1.000000	  0.000000	  0.000000	  0.000000	
  1.000000	  0.000000	  0.000000	  0.000000	
  0.000000	  0.000000	  0.000000	  1.000000	
  0.000000	  0.000000	  0.562500	  0.437500	
  0.937500	  0.000000	  0.062500	  0.000000	

URL https://bhapp.c2b2.columbia.edu/OnTheFly/cgi-bin/motif_entry.php?protein_ID=OTF0042.1

MOTIF OnTheFly_2014_Drosophila.meme_FBgn0260642_Antp_861

letter-probability matrix: alength= 4 w= 6 nsites= 12 E= 0
  0.666667	  0.000000	  0.000000	  0.333333	
  0.000000	  0.000000	  0.000000	  1.000000	
  0.916667	  0.000000	  0.083333	  0.000000	
  1.000000	  0.000000	  0.000000	  0.000000	
  0.000000	  0.000000	  0.250000	  0.750000	
  0.250000	  0.000000	  0.000000	  0.750000	

URL https://bhapp.c2b2.columbia.edu/OnTheFly/cgi-bin/motif_entry.php?protein_ID=OTF0042.2

MOTIF OnTheFly_2014_Drosophila.meme_FBgn0267978_ap_1365

letter-probability matrix: alength= 4 w= 8 nsites= 19 E= 0
  0.263158	  0.210526	  0.473684	  0.052632	
  0.105263	  0.526316	  0.000000	  0.368421	
  0.052632	  0.000000	  0.000000	  0.947368	
  1.000000	  0.000000	  0.000000	  0.000000	
  1.000000	  0.000000	  0.000000	  0.000000	
  0.000000	  0.000000	  0.000000	  1.000000	
  0.000000	  0.000000	  0.315789	  0.684211	
  0.842105	  0.000000	  0.157895	  0.000000	

URL https://bhapp.c2b2.columbia.edu/OnTheFly/cgi-bin/motif_entry.php?protein_ID=OTF0043.1

MOTIF OnTheFly_2014_Drosophila.meme_FBgn0267978_ap_1366

letter-probability matrix: alength= 4 w= 6 nsites= 12 E= 0
  0.083333	  0.333333	  0.166667	  0.416667	
  1.000000	  0.000000	  0.000000	  0.000000	
  1.000000	  0.000000	  0.000000	  0.000000	
  0.000000	  0.083333	  0.083333	  0.833333	
  0.333333	  0.250000	  0.083333	  0.333333	
  0.916667	  0.000000	  0.083333	  0.000000	

URL https://bhapp.c2b2.columbia.edu/OnTheFly/cgi-bin/motif_entry.php?protein_ID=OTF0043.2

MOTIF OnTheFly_2014_Drosophila.meme_FBgn0015904_ara_862

letter-probability matrix: alength= 4 w= 8 nsites= 20 E= 0
  0.600000	  0.250000	  0.150000	  0.000000	
  0.800000	  0.200000	  0.000000	  0.000000	
  1.000000	  0.000000	  0.000000	  0.000000	
  0.700000	  0.000000	  0.250000	  0.050000	
  1.000000	  0.000000	  0.000000	  0.000000	
  1.000000	  0.000000	  0.000000	  0.000000	
  0.000000	  1.000000	  0.000000	  0.000000	
  1.000000	  0.000000	  0.000000	  0.000000	

URL https://bhapp.c2b2.columbia.edu/OnTheFly/cgi-bin/motif_entry.php?protein_ID=OTF0044.1

MOTIF OnTheFly_2014_Drosophila.meme_FBgn0015904_ara_863

letter-probability matrix: alength= 4 w= 6 nsites= 2 E= 0
  0.000000	  0.000000	  0.000000	  1.000000	
  0.000000	  0.000000	  0.000000	  1.000000	
  0.500000	  0.000000	  0.500000	  0.000000	
  1.000000	  0.000000	  0.000000	  0.000000	
  0.000000	  0.000000	  0.000000	  1.000000	
  0.000000	  0.000000	  0.000000	  1.000000	

URL https://bhapp.c2b2.columbia.edu/OnTheFly/cgi-bin/motif_entry.php?protein_ID=OTF0044.2

MOTIF OnTheFly_2014_Drosophila.meme_FBgn0264075_tgo_1367

letter-probability matrix: alength= 4 w= 8 nsites= 10 E= 0
  0.000000	  0.100000	  0.000000	  0.900000	
  0.000000	  0.000000	  1.000000	  0.000000	
  0.000000	  0.900000	  0.000000	  0.100000	
  0.000000	  0.100000	  0.900000	  0.000000	
  0.000000	  0.000000	  0.000000	  1.000000	
  0.000000	  0.000000	  1.000000	  0.000000	
  1.000000	  0.000000	  0.000000	  0.000000	
  0.000000	  0.800000	  0.000000	  0.200000	

URL https://bhapp.c2b2.columbia.edu/OnTheFly/cgi-bin/motif_entry.php?protein_ID=OTF0045.1

MOTIF OnTheFly_2014_Drosophila.meme_FBgn0002561_l(1)sc_864

letter-probability matrix: alength= 4 w= 7 nsites= 20 E= 0
  0.200000	  0.000000	  0.800000	  0.000000	
  0.000000	  1.000000	  0.000000	  0.000000	
  1.000000	  0.000000	  0.000000	  0.000000	
  0.050000	  0.000000	  0.950000	  0.000000	
  0.000000	  0.000000	  1.000000	  0.000000	
  0.000000	  0.000000	  0.000000	  1.000000	
  0.050000	  0.000000	  0.950000	  0.000000	

URL https://bhapp.c2b2.columbia.edu/OnTheFly/cgi-bin/motif_entry.php?protein_ID=OTF0046.1

